2.000000000000000000e+00 6.666666666666666574e-02 0.000000000000000000e+00 3.000000000000000000e+00
3.000000000000000000e+00 2.666666666666666630e-01 0.000000000000000000e+00 8.000000000000000000e+00
4.000000000000000000e+00 4.666666666666666741e-01 0.000000000000000000e+00 2.100000000000000000e+01
5.000000000000000000e+00 6.666666666666666297e-01 0.000000000000000000e+00 4.400000000000000000e+01
6.000000000000000000e+00 7.333333333333332815e-01 0.000000000000000000e+00 8.300000000000000000e+01
7.000000000000000000e+00 8.666666666666666963e-01 0.000000000000000000e+00 1.350000000000000000e+02
8.000000000000000000e+00 9.333333333333333481e-01 0.000000000000000000e+00 2.090000000000000000e+02
9.000000000000000000e+00 9.333333333333333481e-01 0.000000000000000000e+00 3.070000000000000000e+02
1.000000000000000000e+01 9.333333333333333481e-01 0.000000000000000000e+00 4.210000000000000000e+02
1.100000000000000000e+01 1.000000000000000000e+00 0.000000000000000000e+00 5.490000000000000000e+02
