8.088111877441406250e-03
1.412391662597656250e-02
1.997494697570800781e-02
1.212382316589355469e-02
2.397918701171875000e-02
1.973605155944824219e-02
1.453280448913574219e-02
2.817511558532714844e-02
2.839207649230957031e-02
3.372192382812500000e-02
1.434421539306640625e-02
1.472401618957519531e-02
1.583600044250488281e-02
2.615618705749511719e-02
7.322072982788085938e-03
2.421593666076660156e-02
1.451611518859863281e-02
1.117181777954101562e-02
1.287484169006347656e-02
2.009797096252441406e-02
1.706600189208984375e-02
1.701903343200683594e-02
9.538173675537109375e-03
2.032995223999023438e-02
1.352238655090332031e-02
8.790016174316406250e-03
2.517986297607421875e-02
1.601791381835937500e-02
1.085186004638671875e-02
7.671117782592773438e-03
2.404522895812988281e-02
1.508808135986328125e-02
1.415205001831054688e-02
2.604818344116210938e-02
1.625394821166992188e-02
1.794505119323730469e-02
2.360129356384277344e-02
9.026050567626953125e-03
1.643419265747070312e-02
1.997494697570800781e-02
1.081085205078125000e-02
2.116799354553222656e-02
2.318310737609863281e-02
5.210876464843750000e-03
2.572989463806152344e-02
2.066373825073242188e-02
8.333206176757812500e-03
2.000689506530761719e-02
1.674199104309082031e-02
1.325106620788574219e-02
1.081395149230957031e-02
1.438307762145996094e-02
7.578849792480468750e-03
1.633024215698242188e-02
8.866071701049804688e-03
1.900196075439453125e-02
1.423168182373046875e-02
2.204394340515136719e-02
2.236199378967285156e-02
9.370326995849609375e-03
1.109814643859863281e-02
2.273511886596679688e-02
1.827621459960937500e-02
2.012586593627929688e-02
2.991890907287597656e-02
1.072883605957031250e-02
7.012844085693359375e-03
1.572012901306152344e-02
1.327681541442871094e-02
2.756714820861816406e-02
2.746415138244628906e-02
1.402807235717773438e-02
1.764798164367675781e-02
8.709907531738281250e-03
2.307677268981933594e-02
1.522493362426757812e-02
2.252912521362304688e-02
2.226185798645019531e-02
1.009798049926757812e-02
2.257585525512695312e-02
2.696084976196289062e-02
1.540780067443847656e-02
1.615595817565917969e-02
1.615905761718750000e-02
3.746294975280761719e-02
1.229500770568847656e-02
1.545405387878417969e-02
1.971507072448730469e-02
1.621818542480468750e-02
1.809024810791015625e-02
2.068805694580078125e-02
5.965948104858398438e-03
2.527999877929687500e-02
1.601886749267578125e-02
1.591897010803222656e-02
1.505780220031738281e-02
2.013611793518066406e-02
1.235508918762207031e-02
2.419996261596679688e-02
1.934289932250976562e-02
