1.000000000000000000e+00 3.225806451612903136e-02 0.000000000000000000e+00 1.000000000000000000e+00
2.000000000000000000e+00 9.677419354838709409e-02 0.000000000000000000e+00 4.000000000000000000e+00
3.000000000000000000e+00 2.580645161290322509e-01 0.000000000000000000e+00 1.200000000000000000e+01
4.000000000000000000e+00 4.193548387096774355e-01 0.000000000000000000e+00 3.200000000000000000e+01
5.000000000000000000e+00 5.161290322580645018e-01 0.000000000000000000e+00 6.700000000000000000e+01
6.000000000000000000e+00 6.451612903225806273e-01 0.000000000000000000e+00 1.180000000000000000e+02
7.000000000000000000e+00 8.064516129032257563e-01 0.000000000000000000e+00 1.950000000000000000e+02
8.000000000000000000e+00 9.032258064516128782e-01 0.000000000000000000e+00 3.170000000000000000e+02
9.000000000000000000e+00 9.677419354838709964e-01 0.000000000000000000e+00 5.020000000000000000e+02
1.000000000000000000e+01 1.000000000000000000e+00 0.000000000000000000e+00 7.620000000000000000e+02
