1.000000000000000000e+00 3.225806451612903136e-02 0.000000000000000000e+00 1.000000000000000000e+00
2.000000000000000000e+00 9.677419354838709409e-02 0.000000000000000000e+00 4.000000000000000000e+00
3.000000000000000000e+00 2.903225806451613100e-01 0.000000000000000000e+00 1.200000000000000000e+01
4.000000000000000000e+00 4.838709677419354982e-01 0.000000000000000000e+00 3.400000000000000000e+01
5.000000000000000000e+00 8.064516129032257563e-01 0.000000000000000000e+00 7.200000000000000000e+01
6.000000000000000000e+00 8.709677419354838745e-01 0.000000000000000000e+00 1.400000000000000000e+02
7.000000000000000000e+00 9.354838709677418818e-01 0.000000000000000000e+00 2.320000000000000000e+02
8.000000000000000000e+00 9.354838709677418818e-01 0.000000000000000000e+00 3.670000000000000000e+02
9.000000000000000000e+00 9.677419354838709964e-01 0.000000000000000000e+00 5.640000000000000000e+02
1.000000000000000000e+01 1.000000000000000000e+00 0.000000000000000000e+00 8.430000000000000000e+02
