2.000000000000000000e+00 3.225806451612903136e-02 0.000000000000000000e+00 3.000000000000000000e+00
3.000000000000000000e+00 9.677419354838709409e-02 0.000000000000000000e+00 8.000000000000000000e+00
4.000000000000000000e+00 1.935483870967741882e-01 0.000000000000000000e+00 2.000000000000000000e+01
5.000000000000000000e+00 3.870967741935483764e-01 0.000000000000000000e+00 4.400000000000000000e+01
6.000000000000000000e+00 4.838709677419354982e-01 0.000000000000000000e+00 9.300000000000000000e+01
7.000000000000000000e+00 6.129032258064516236e-01 0.000000000000000000e+00 1.720000000000000000e+02
8.000000000000000000e+00 8.387096774193548709e-01 0.000000000000000000e+00 3.030000000000000000e+02
9.000000000000000000e+00 9.354838709677418818e-01 0.000000000000000000e+00 5.190000000000000000e+02
1.000000000000000000e+01 9.677419354838709964e-01 0.000000000000000000e+00 8.310000000000000000e+02
1.100000000000000000e+01 1.000000000000000000e+00 0.000000000000000000e+00 1.229000000000000000e+03
