2.000000000000000000e+00 3.225806451612903136e-02 0.000000000000000000e+00 3.000000000000000000e+00
3.000000000000000000e+00 6.451612903225806273e-02 0.000000000000000000e+00 8.000000000000000000e+00
4.000000000000000000e+00 1.612903225806451568e-01 0.000000000000000000e+00 1.900000000000000000e+01
5.000000000000000000e+00 3.225806451612903136e-01 0.000000000000000000e+00 4.400000000000000000e+01
6.000000000000000000e+00 4.516129032258064391e-01 0.000000000000000000e+00 9.300000000000000000e+01
7.000000000000000000e+00 7.419354838709677491e-01 0.000000000000000000e+00 1.770000000000000000e+02
8.000000000000000000e+00 8.709677419354838745e-01 0.000000000000000000e+00 3.240000000000000000e+02
9.000000000000000000e+00 9.354838709677418818e-01 0.000000000000000000e+00 5.570000000000000000e+02
1.000000000000000000e+01 9.677419354838709964e-01 0.000000000000000000e+00 8.750000000000000000e+02
1.100000000000000000e+01 1.000000000000000000e+00 0.000000000000000000e+00 1.291000000000000000e+03
