2.000000000000000000e+00 3.225806451612903136e-02 0.000000000000000000e+00 3.000000000000000000e+00
3.000000000000000000e+00 6.451612903225806273e-02 0.000000000000000000e+00 8.000000000000000000e+00
4.000000000000000000e+00 9.677419354838709409e-02 0.000000000000000000e+00 1.800000000000000000e+01
5.000000000000000000e+00 1.612903225806451568e-01 0.000000000000000000e+00 3.500000000000000000e+01
6.000000000000000000e+00 3.225806451612903136e-01 0.000000000000000000e+00 6.600000000000000000e+01
7.000000000000000000e+00 5.483870967741935054e-01 0.000000000000000000e+00 1.260000000000000000e+02
8.000000000000000000e+00 7.096774193548387455e-01 0.000000000000000000e+00 2.310000000000000000e+02
9.000000000000000000e+00 8.387096774193548709e-01 0.000000000000000000e+00 4.030000000000000000e+02
1.000000000000000000e+01 9.354838709677418818e-01 0.000000000000000000e+00 6.510000000000000000e+02
1.100000000000000000e+01 1.000000000000000000e+00 0.000000000000000000e+00 1.002000000000000000e+03
