2.000000000000000000e+00 3.225806451612903136e-02 0.000000000000000000e+00 3.000000000000000000e+00
3.000000000000000000e+00 3.225806451612903136e-02 0.000000000000000000e+00 8.000000000000000000e+00
4.000000000000000000e+00 9.677419354838709409e-02 0.000000000000000000e+00 1.700000000000000000e+01
5.000000000000000000e+00 1.935483870967741882e-01 0.000000000000000000e+00 3.600000000000000000e+01
6.000000000000000000e+00 3.870967741935483764e-01 0.000000000000000000e+00 7.300000000000000000e+01
7.000000000000000000e+00 5.806451612903226200e-01 0.000000000000000000e+00 1.430000000000000000e+02
8.000000000000000000e+00 8.387096774193548709e-01 0.000000000000000000e+00 2.650000000000000000e+02
9.000000000000000000e+00 9.354838709677418818e-01 0.000000000000000000e+00 4.610000000000000000e+02
1.000000000000000000e+01 9.677419354838709964e-01 0.000000000000000000e+00 7.430000000000000000e+02
1.100000000000000000e+01 1.000000000000000000e+00 0.000000000000000000e+00 1.119000000000000000e+03
