1.000000000000000000e+00 3.225806451612903136e-02 0.000000000000000000e+00 1.000000000000000000e+00
2.000000000000000000e+00 9.677419354838709409e-02 0.000000000000000000e+00 4.000000000000000000e+00
3.000000000000000000e+00 1.612903225806451568e-01 0.000000000000000000e+00 1.200000000000000000e+01
4.000000000000000000e+00 2.258064516129032195e-01 0.000000000000000000e+00 2.500000000000000000e+01
5.000000000000000000e+00 4.193548387096774355e-01 0.000000000000000000e+00 4.500000000000000000e+01
6.000000000000000000e+00 5.161290322580645018e-01 0.000000000000000000e+00 8.300000000000000000e+01
7.000000000000000000e+00 6.451612903225806273e-01 0.000000000000000000e+00 1.420000000000000000e+02
8.000000000000000000e+00 7.741935483870967527e-01 0.000000000000000000e+00 2.390000000000000000e+02
9.000000000000000000e+00 8.387096774193548709e-01 0.000000000000000000e+00 3.870000000000000000e+02
1.000000000000000000e+01 9.677419354838709964e-01 0.000000000000000000e+00 6.060000000000000000e+02
1.100000000000000000e+01 1.000000000000000000e+00 0.000000000000000000e+00 9.310000000000000000e+02
