3.884887695312500000e-02
2.062821388244628906e-02
2.923178672790527344e-02
9.082913398742675781e-02
5.439090728759765625e-02
6.163597106933593750e-02
6.014013290405273438e-02
6.203413009643554688e-02
6.383728981018066406e-02
3.933095932006835938e-02
4.326391220092773438e-02
4.158210754394531250e-02
6.345295906066894531e-02
8.740878105163574219e-02
3.907012939453125000e-02
4.067587852478027344e-02
9.248280525207519531e-02
9.192204475402832031e-02
7.259273529052734375e-02
6.408190727233886719e-02
7.164788246154785156e-02
9.151577949523925781e-02
9.947395324707031250e-02
3.570103645324707031e-02
9.154891967773437500e-02
1.042649745941162109e-01
6.145882606506347656e-02
3.967833518981933594e-02
6.942486763000488281e-02
3.353285789489746094e-02
9.240913391113281250e-02
8.543729782104492188e-02
4.210829734802246094e-02
3.800868988037109375e-02
5.841302871704101562e-02
9.473085403442382812e-02
3.461384773254394531e-02
6.032013893127441406e-02
5.934405326843261719e-02
8.294224739074707031e-02
6.685996055603027344e-02
3.207969665527343750e-02
6.186914443969726562e-02
4.480075836181640625e-02
9.450483322143554688e-02
2.684998512268066406e-02
6.506109237670898438e-02
2.303218841552734375e-02
6.995391845703125000e-02
4.088091850280761719e-02
3.441905975341796875e-02
5.400133132934570312e-02
5.175924301147460938e-02
9.423518180847167969e-02
8.816099166870117188e-02
9.132790565490722656e-02
3.226494789123535156e-02
6.202387809753417969e-02
5.213212966918945312e-02
6.334996223449707031e-02
6.472992897033691406e-02
9.196209907531738281e-02
5.406284332275390625e-02
9.661102294921875000e-02
4.142904281616210938e-02
9.402894973754882812e-02
6.161427497863769531e-02
4.242324829101562500e-02
6.350588798522949219e-02
3.769707679748535156e-02
3.418183326721191406e-02
9.319090843200683594e-02
3.029298782348632812e-02
3.346800804138183594e-02
4.009914398193359375e-02
1.244239807128906250e-01
5.792689323425292969e-02
9.514594078063964844e-02
5.875205993652343750e-02
3.326916694641113281e-02
6.094098091125488281e-02
5.488300323486328125e-02
3.809976577758789062e-02
4.147100448608398438e-02
5.758714675903320312e-02
3.427290916442871094e-02
9.278583526611328125e-02
6.332492828369140625e-02
8.886098861694335938e-02
4.132080078125000000e-02
9.638190269470214844e-02
4.095721244812011719e-02
5.999898910522460938e-02
6.145167350769042969e-02
6.407213211059570312e-02
1.269037723541259766e-01
7.576012611389160156e-02
5.590391159057617188e-02
3.461098670959472656e-02
9.571480751037597656e-02
